Antecedente;Consequente;Suporte;Confiança;Matriz Antecedentes;Matriz Consequentes
[6];[1];5;0.5555555555555556;[0.];[0.]
[1];[6];5;1.0;[0.];[0.]
[4];[2];3;1.0;[0.];[0.]
[2];[4];3;0.5;[0.];[0.]
[5];[2];3;1.0;[0.];[0.]
[2];[5];3;0.5;[0.];[0.]
[8];[2];4;0.8;[0.];[0.]
[2];[8];4;0.6666666666666666;[0.];[0.]
[12];[2];3;0.3;[0.];[0.]
[2];[12];3;0.5;[0.];[0.]
[17];[2];4;0.8;[0.];[0.]
[2];[17];4;0.6666666666666666;[0.];[0.]
[12];[6];7;0.7;[0.];[0.]
[6];[12];7;0.7777777777777778;[0.];[0.]
[13];[6];7;0.7777777777777778;[0.];[0.]
[6];[13];7;0.7777777777777778;[0.];[0.]
[16];[6];4;0.8;[0.];[0.]
[6];[16];4;0.4444444444444444;[0.];[0.]
[18];[6];4;0.8;[0.];[0.]
[6];[18];4;0.4444444444444444;[0.];[0.]
[12];[7];3;0.3;[0.];[0.]
[7];[12];3;0.75;[0.];[0.]
[11];[8];2;0.6666666666666666;[0.];[0.]
[8];[11];2;0.4;[0.];[0.]
[13];[8];3;0.3333333333333333;[0.];[0.]
[8];[13];3;0.6;[0.];[0.]
[12];[9];6;0.6;[0.];[0.]
[9];[12];6;1.0;[0.];[0.]
[14];[12];3;1.0;[0.];[0.]
[12];[14];3;0.3;[0.];[0.]
[16];[12];4;0.8;[0.];[0.]
[12];[16];4;0.4;[0.];[0.]
[17];[12];3;0.6;[0.];[0.]
[12];[17];3;0.3;[0.];[0.]
[17];[13];2;0.4;[0.];[0.]
[13];[17];2;0.2222222222222222;[0.];[0.]
[18];[13];4;0.8;[0.];[0.]
[13];[18];4;0.4444444444444444;[0.];[0.]
[6, 7];[1];3;1.0;"[[0.  5.3]
 [5.3 0. ]]";[0.]
[1, 7];[6];3;1.0;"[[0.   2.64]
 [2.64 0.  ]]";[0.]
[6, 1];[7];3;0.6;"[[0.  2.7]
 [2.7 0. ]]";[0.]
[7];[1, 6];3;0.75;[0.];"[[0.  2.7]
 [2.7 0. ]]"
[6];[1, 7];3;0.3333333333333333;[0.];"[[0.   2.64]
 [2.64 0.  ]]"
[1];[6, 7];3;0.6;[0.];"[[0.  5.3]
 [5.3 0. ]]"
[12, 6];[1];3;0.42857142857142855;"[[0.   2.68]
 [2.68 0.  ]]";[0.]
[12, 1];[6];3;1.0;"[[0.  6.4]
 [6.4 0. ]]";[0.]
[6, 1];[12];3;0.6;"[[0.  2.7]
 [2.7 0. ]]";[0.]
[12];[1, 6];3;0.3;[0.];"[[0.  2.7]
 [2.7 0. ]]"
[6];[1, 12];3;0.3333333333333333;[0.];"[[0.  6.4]
 [6.4 0. ]]"
[1];[6, 12];3;0.6;[0.];"[[0.   2.68]
 [2.68 0.  ]]"
[6, 13];[1];4;0.5714285714285714;"[[0.   2.19]
 [2.19 0.  ]]";[0.]
[13, 1];[6];4;1.0;"[[0.   4.58]
 [4.58 0.  ]]";[0.]
[6, 1];[13];4;0.8;"[[0.  2.7]
 [2.7 0. ]]";[0.]
[13];[1, 6];4;0.4444444444444444;[0.];"[[0.  2.7]
 [2.7 0. ]]"
[6];[1, 13];4;0.4444444444444444;[0.];"[[0.   4.58]
 [4.58 0.  ]]"
[1];[6, 13];4;0.8;[0.];"[[0.   2.19]
 [2.19 0.  ]]"
[6, 18];[1];3;0.75;"[[0.   3.51]
 [3.51 0.  ]]";[0.]
[1, 18];[6];3;1.0;"[[0.   3.32]
 [3.32 0.  ]]";[0.]
[6, 1];[18];3;0.6;"[[0.  2.7]
 [2.7 0. ]]";[0.]
[18];[1, 6];3;0.6;[0.];"[[0.  2.7]
 [2.7 0. ]]"
[6];[1, 18];3;0.3333333333333333;[0.];"[[0.   3.32]
 [3.32 0.  ]]"
[1];[6, 18];3;0.6;[0.];"[[0.   3.51]
 [3.51 0.  ]]"
[12, 4];[2];2;1.0;"[[0.  6.6]
 [6.6 0. ]]";[0.]
[12, 2];[4];2;0.6666666666666666;"[[0.   6.36]
 [6.36 0.  ]]";[0.]
[2, 4];[12];2;0.6666666666666666;"[[0.  3.3]
 [3.3 0. ]]";[0.]
[12];[2, 4];2;0.2;[0.];"[[0.  3.3]
 [3.3 0. ]]"
[4];[2, 12];2;0.6666666666666666;[0.];"[[0.   6.36]
 [6.36 0.  ]]"
[2];[4, 12];2;0.3333333333333333;[0.];"[[0.  6.6]
 [6.6 0. ]]"
[17, 4];[2];2;1.0;"[[0.   4.87]
 [4.87 0.  ]]";[0.]
[2, 17];[4];2;0.5;"[[0.   2.03]
 [2.03 0.  ]]";[0.]
[2, 4];[17];2;0.6666666666666666;"[[0.  3.3]
 [3.3 0. ]]";[0.]
[17];[2, 4];2;0.4;[0.];"[[0.  3.3]
 [3.3 0. ]]"
[4];[2, 17];2;0.6666666666666666;[0.];"[[0.   2.03]
 [2.03 0.  ]]"
[2];[4, 17];2;0.3333333333333333;[0.];"[[0.   4.87]
 [4.87 0.  ]]"
[17, 5];[2];2;1.0;"[[0.   4.55]
 [4.55 0.  ]]";[0.]
[2, 17];[5];2;0.5;"[[0.   2.03]
 [2.03 0.  ]]";[0.]
[2, 5];[17];2;0.6666666666666666;"[[0.   3.32]
 [3.32 0.  ]]";[0.]
[17];[2, 5];2;0.4;[0.];"[[0.   3.32]
 [3.32 0.  ]]"
[5];[2, 17];2;0.6666666666666666;[0.];"[[0.   2.03]
 [2.03 0.  ]]"
[2];[5, 17];2;0.3333333333333333;[0.];"[[0.   4.55]
 [4.55 0.  ]]"
[8, 17];[2];2;1.0;"[[0.   5.91]
 [5.91 0.  ]]";[0.]
[2, 17];[8];2;0.5;"[[0.   2.03]
 [2.03 0.  ]]";[0.]
[2, 8];[17];2;0.5;"[[0.   2.71]
 [2.71 0.  ]]";[0.]
[17];[2, 8];2;0.4;[0.];"[[0.   2.71]
 [2.71 0.  ]]"
[8];[2, 17];2;0.4;[0.];"[[0.   2.03]
 [2.03 0.  ]]"
[2];[8, 17];2;0.3333333333333333;[0.];"[[0.   5.91]
 [5.91 0.  ]]"
[12, 9];[6];5;0.8333333333333334;"[[0.   2.21]
 [2.21 0.  ]]";[0.]
[12, 6];[9];5;0.7142857142857143;"[[0.   2.68]
 [2.68 0.  ]]";[0.]
[6, 9];[12];5;1.0;"[[0.   3.65]
 [3.65 0.  ]]";[0.]
[12];[6, 9];5;0.5;[0.];"[[0.   3.65]
 [3.65 0.  ]]"
[9];[6, 12];5;0.8333333333333334;[0.];"[[0.   2.68]
 [2.68 0.  ]]"
[6];[9, 12];5;0.5555555555555556;[0.];"[[0.   2.21]
 [2.21 0.  ]]"
[12, 13];[6];5;1.0;"[[0.   5.08]
 [5.08 0.  ]]";[0.]
[6, 13];[12];5;0.7142857142857143;"[[0.   2.19]
 [2.19 0.  ]]";[0.]
[12, 6];[13];5;0.7142857142857143;"[[0.   2.68]
 [2.68 0.  ]]";[0.]
[13];[6, 12];5;0.5555555555555556;[0.];"[[0.   2.68]
 [2.68 0.  ]]"
[12];[6, 13];5;0.5;[0.];"[[0.   2.19]
 [2.19 0.  ]]"
[6];[12, 13];5;0.5555555555555556;[0.];"[[0.   5.08]
 [5.08 0.  ]]"
[12, 18];[6];3;1.0;"[[0.   5.71]
 [5.71 0.  ]]";[0.]
[6, 18];[12];3;0.75;"[[0.   3.51]
 [3.51 0.  ]]";[0.]
[12, 6];[18];3;0.42857142857142855;"[[0.   2.68]
 [2.68 0.  ]]";[0.]
[18];[6, 12];3;0.6;[0.];"[[0.   2.68]
 [2.68 0.  ]]"
[12];[6, 18];3;0.3;[0.];"[[0.   3.51]
 [3.51 0.  ]]"
[6];[12, 18];3;0.3333333333333333;[0.];"[[0.   5.71]
 [5.71 0.  ]]"
[13, 16];[6];3;1.0;"[[0.   5.22]
 [5.22 0.  ]]";[0.]
[6, 16];[13];3;0.75;"[[0.   3.38]
 [3.38 0.  ]]";[0.]
[6, 13];[16];3;0.42857142857142855;"[[0.   2.19]
 [2.19 0.  ]]";[0.]
[16];[6, 13];3;0.6;[0.];"[[0.   2.19]
 [2.19 0.  ]]"
[13];[6, 16];3;0.3333333333333333;[0.];"[[0.   3.38]
 [3.38 0.  ]]"
[6];[13, 16];3;0.3333333333333333;[0.];"[[0.   5.22]
 [5.22 0.  ]]"
[13, 18];[6];3;0.75;"[[0.   3.14]
 [3.14 0.  ]]";[0.]
[6, 18];[13];3;0.75;"[[0.   3.51]
 [3.51 0.  ]]";[0.]
[6, 13];[18];3;0.42857142857142855;"[[0.   2.19]
 [2.19 0.  ]]";[0.]
[18];[6, 13];3;0.6;[0.];"[[0.   2.19]
 [2.19 0.  ]]"
[13];[6, 18];3;0.3333333333333333;[0.];"[[0.   3.51]
 [3.51 0.  ]]"
[6];[13, 18];3;0.3333333333333333;[0.];"[[0.   3.14]
 [3.14 0.  ]]"
[12, 14];[7];2;0.6666666666666666;"[[0.   3.86]
 [3.86 0.  ]]";[0.]
[7, 14];[12];2;1.0;"[[0.   3.76]
 [3.76 0.  ]]";[0.]
[12, 7];[14];2;0.6666666666666666;"[[0.  5.4]
 [5.4 0. ]]";[0.]
[14];[7, 12];2;0.6666666666666666;[0.];"[[0.  5.4]
 [5.4 0. ]]"
[12];[7, 14];2;0.2;[0.];"[[0.   3.76]
 [3.76 0.  ]]"
[7];[12, 14];2;0.5;[0.];"[[0.   3.86]
 [3.86 0.  ]]"
[13, 18];[8];2;0.5;"[[0.   3.14]
 [3.14 0.  ]]";[0.]
[8, 18];[13];2;1.0;"[[0.   6.08]
 [6.08 0.  ]]";[0.]
[13, 8];[18];2;0.6666666666666666;"[[0.  5.5]
 [5.5 0. ]]";[0.]
[18];[8, 13];2;0.4;[0.];"[[0.  5.5]
 [5.5 0. ]]"
[13];[8, 18];2;0.2222222222222222;[0.];"[[0.   6.08]
 [6.08 0.  ]]"
[8];[13, 18];2;0.4;[0.];"[[0.   3.14]
 [3.14 0.  ]]"
[12, 17];[9];2;0.6666666666666666;"[[0.   4.93]
 [4.93 0.  ]]";[0.]
[9, 17];[12];2;1.0;"[[0.  6.6]
 [6.6 0. ]]";[0.]
[12, 9];[17];2;0.3333333333333333;"[[0.   2.21]
 [2.21 0.  ]]";[0.]
[17];[9, 12];2;0.4;[0.];"[[0.   2.21]
 [2.21 0.  ]]"
[12];[9, 17];2;0.2;[0.];"[[0.  6.6]
 [6.6 0. ]]"
[9];[12, 17];2;0.3333333333333333;[0.];"[[0.   4.93]
 [4.93 0.  ]]"
[16, 15];[12];2;1.0;"[[0.   3.94]
 [3.94 0.  ]]";[0.]
[12, 16];[15];2;0.5;"[[0.  3.7]
 [3.7 0. ]]";[0.]
[12, 15];[16];2;1.0;"[[0. 6.]
 [6. 0.]]";[0.]
[16];[12, 15];2;0.4;[0.];"[[0. 6.]
 [6. 0.]]"
[15];[12, 16];2;0.6666666666666666;[0.];"[[0.  3.7]
 [3.7 0. ]]"
[12];[15, 16];2;0.2;[0.];"[[0.   3.94]
 [3.94 0.  ]]"
[6, 13, 7];[1];2;1.0;"[[0.   2.19 5.3 ]
 [2.19 0.   7.8 ]
 [5.3  7.8  0.  ]]";[0.]
[13, 1, 7];[6];2;1.0;"[[0.   4.58 7.8 ]
 [4.58 0.   2.64]
 [7.8  2.64 0.  ]]";[0.]
[6, 13, 1];[7];2;0.5;"[[0.   2.19 2.7 ]
 [2.19 0.   4.58]
 [2.7  4.58 0.  ]]";[0.]
[6, 1, 7];[13];2;0.6666666666666666;"[[0.   2.7  5.3 ]
 [2.7  0.   2.64]
 [5.3  2.64 0.  ]]";[0.]
[13, 7];[1, 6];2;1.0;"[[0.  7.8]
 [7.8 0. ]]";"[[0.  2.7]
 [2.7 0. ]]"
[6, 13];[1, 7];2;0.2857142857142857;"[[0.   2.19]
 [2.19 0.  ]]";"[[0.   2.64]
 [2.64 0.  ]]"
[6, 7];[1, 13];2;0.6666666666666666;"[[0.  5.3]
 [5.3 0. ]]";"[[0.   4.58]
 [4.58 0.  ]]"
[13, 1];[6, 7];2;0.5;"[[0.   4.58]
 [4.58 0.  ]]";"[[0.  5.3]
 [5.3 0. ]]"
[1, 7];[6, 13];2;0.6666666666666666;"[[0.   2.64]
 [2.64 0.  ]]";"[[0.   2.19]
 [2.19 0.  ]]"
[6, 1];[7, 13];2;0.4;"[[0.  2.7]
 [2.7 0. ]]";"[[0.  7.8]
 [7.8 0. ]]"
[13];[1, 6, 7];2;0.2222222222222222;[0.];"[[0.   2.7  2.64]
 [2.7  0.   5.3 ]
 [2.64 5.3  0.  ]]"
[7];[1, 6, 13];2;0.5;[0.];"[[0.   2.7  4.58]
 [2.7  0.   2.19]
 [4.58 2.19 0.  ]]"
[6];[1, 7, 13];2;0.2222222222222222;[0.];"[[0.   2.64 4.58]
 [2.64 0.   7.8 ]
 [4.58 7.8  0.  ]]"
[1];[6, 7, 13];2;0.4;[0.];"[[0.   5.3  2.19]
 [5.3  0.   7.8 ]
 [2.19 7.8  0.  ]]"
[6, 13, 11];[1];2;1.0;"[[0.   2.19 6.06]
 [2.19 0.   6.44]
 [6.06 6.44 0.  ]]";[0.]
[13, 1, 11];[6];2;1.0;"[[0.   4.58 6.44]
 [4.58 0.   4.17]
 [6.44 4.17 0.  ]]";[0.]
[6, 13, 1];[11];2;0.5;"[[0.   2.19 2.7 ]
 [2.19 0.   4.58]
 [2.7  4.58 0.  ]]";[0.]
[6, 1, 11];[13];2;1.0;"[[0.   2.7  6.06]
 [2.7  0.   4.17]
 [6.06 4.17 0.  ]]";[0.]
[13, 11];[1, 6];2;1.0;"[[0.   6.44]
 [6.44 0.  ]]";"[[0.  2.7]
 [2.7 0. ]]"
[6, 13];[1, 11];2;0.2857142857142857;"[[0.   2.19]
 [2.19 0.  ]]";"[[0.   4.17]
 [4.17 0.  ]]"
[6, 11];[1, 13];2;1.0;"[[0.   6.06]
 [6.06 0.  ]]";"[[0.   4.58]
 [4.58 0.  ]]"
[13, 1];[6, 11];2;0.5;"[[0.   4.58]
 [4.58 0.  ]]";"[[0.   6.06]
 [6.06 0.  ]]"
[1, 11];[6, 13];2;1.0;"[[0.   4.17]
 [4.17 0.  ]]";"[[0.   2.19]
 [2.19 0.  ]]"
[6, 1];[11, 13];2;0.4;"[[0.  2.7]
 [2.7 0. ]]";"[[0.   6.44]
 [6.44 0.  ]]"
[13];[1, 6, 11];2;0.2222222222222222;[0.];"[[0.   2.7  4.17]
 [2.7  0.   6.06]
 [4.17 6.06 0.  ]]"
[11];[1, 6, 13];2;0.6666666666666666;[0.];"[[0.   2.7  4.58]
 [2.7  0.   2.19]
 [4.58 2.19 0.  ]]"
[6];[1, 11, 13];2;0.2222222222222222;[0.];"[[0.   4.17 4.58]
 [4.17 0.   6.44]
 [4.58 6.44 0.  ]]"
[1];[6, 11, 13];2;0.4;[0.];"[[0.   6.06 2.19]
 [6.06 0.   6.44]
 [2.19 6.44 0.  ]]"
[12, 6, 13];[1];2;0.4;"[[0.   2.68 5.08]
 [2.68 0.   2.19]
 [5.08 2.19 0.  ]]";[0.]
[12, 13, 1];[6];2;1.0;"[[0.   5.08 6.4 ]
 [5.08 0.   4.58]
 [6.4  4.58 0.  ]]";[0.]
[6, 13, 1];[12];2;0.5;"[[0.   2.19 2.7 ]
 [2.19 0.   4.58]
 [2.7  4.58 0.  ]]";[0.]
[12, 6, 1];[13];2;0.6666666666666666;"[[0.   2.68 6.4 ]
 [2.68 0.   2.7 ]
 [6.4  2.7  0.  ]]";[0.]
[12, 13];[1, 6];2;0.4;"[[0.   5.08]
 [5.08 0.  ]]";"[[0.  2.7]
 [2.7 0. ]]"
[6, 13];[1, 12];2;0.2857142857142857;"[[0.   2.19]
 [2.19 0.  ]]";"[[0.  6.4]
 [6.4 0. ]]"
[12, 6];[1, 13];2;0.2857142857142857;"[[0.   2.68]
 [2.68 0.  ]]";"[[0.   4.58]
 [4.58 0.  ]]"
[13, 1];[6, 12];2;0.5;"[[0.   4.58]
 [4.58 0.  ]]";"[[0.   2.68]
 [2.68 0.  ]]"
[12, 1];[6, 13];2;0.6666666666666666;"[[0.  6.4]
 [6.4 0. ]]";"[[0.   2.19]
 [2.19 0.  ]]"
[6, 1];[12, 13];2;0.4;"[[0.  2.7]
 [2.7 0. ]]";"[[0.   5.08]
 [5.08 0.  ]]"
[13];[1, 6, 12];2;0.2222222222222222;[0.];"[[0.   2.7  6.4 ]
 [2.7  0.   2.68]
 [6.4  2.68 0.  ]]"
[12];[1, 6, 13];2;0.2;[0.];"[[0.   2.7  4.58]
 [2.7  0.   2.19]
 [4.58 2.19 0.  ]]"
[6];[1, 12, 13];2;0.2222222222222222;[0.];"[[0.   6.4  4.58]
 [6.4  0.   5.08]
 [4.58 5.08 0.  ]]"
[1];[6, 12, 13];2;0.4;[0.];"[[0.   2.68 2.19]
 [2.68 0.   5.08]
 [2.19 5.08 0.  ]]"
[6, 13, 16];[1];2;0.6666666666666666;"[[0.   2.19 3.38]
 [2.19 0.   5.22]
 [3.38 5.22 0.  ]]";[0.]
[13, 1, 16];[6];2;1.0;"[[0.   4.58 5.22]
 [4.58 0.   6.43]
 [5.22 6.43 0.  ]]";[0.]
[6, 1, 16];[13];2;1.0;"[[0.   2.7  3.38]
 [2.7  0.   6.43]
 [3.38 6.43 0.  ]]";[0.]
[6, 13, 1];[16];2;0.5;"[[0.   2.19 2.7 ]
 [2.19 0.   4.58]
 [2.7  4.58 0.  ]]";[0.]
[13, 16];[1, 6];2;0.6666666666666666;"[[0.   5.22]
 [5.22 0.  ]]";"[[0.  2.7]
 [2.7 0. ]]"
[6, 16];[1, 13];2;0.5;"[[0.   3.38]
 [3.38 0.  ]]";"[[0.   4.58]
 [4.58 0.  ]]"
[6, 13];[1, 16];2;0.2857142857142857;"[[0.   2.19]
 [2.19 0.  ]]";"[[0.   6.43]
 [6.43 0.  ]]"
[1, 16];[6, 13];2;1.0;"[[0.   6.43]
 [6.43 0.  ]]";"[[0.   2.19]
 [2.19 0.  ]]"
[13, 1];[6, 16];2;0.5;"[[0.   4.58]
 [4.58 0.  ]]";"[[0.   3.38]
 [3.38 0.  ]]"
[6, 1];[13, 16];2;0.4;"[[0.  2.7]
 [2.7 0. ]]";"[[0.   5.22]
 [5.22 0.  ]]"
[16];[1, 6, 13];2;0.4;[0.];"[[0.   2.7  4.58]
 [2.7  0.   2.19]
 [4.58 2.19 0.  ]]"
[13];[1, 6, 16];2;0.2222222222222222;[0.];"[[0.   2.7  6.43]
 [2.7  0.   3.38]
 [6.43 3.38 0.  ]]"
[6];[1, 13, 16];2;0.2222222222222222;[0.];"[[0.   4.58 6.43]
 [4.58 0.   5.22]
 [6.43 5.22 0.  ]]"
[1];[6, 13, 16];2;0.4;[0.];"[[0.   2.19 3.38]
 [2.19 0.   5.22]
 [3.38 5.22 0.  ]]"
[6, 13, 18];[1];2;0.6666666666666666;"[[0.   2.19 3.51]
 [2.19 0.   3.14]
 [3.51 3.14 0.  ]]";[0.]
[13, 1, 18];[6];2;1.0;"[[0.   4.58 3.14]
 [4.58 0.   3.32]
 [3.14 3.32 0.  ]]";[0.]
[6, 1, 18];[13];2;0.6666666666666666;"[[0.   2.7  3.51]
 [2.7  0.   3.32]
 [3.51 3.32 0.  ]]";[0.]
[6, 13, 1];[18];2;0.5;"[[0.   2.19 2.7 ]
 [2.19 0.   4.58]
 [2.7  4.58 0.  ]]";[0.]
[13, 18];[1, 6];2;0.5;"[[0.   3.14]
 [3.14 0.  ]]";"[[0.  2.7]
 [2.7 0. ]]"
[6, 18];[1, 13];2;0.5;"[[0.   3.51]
 [3.51 0.  ]]";"[[0.   4.58]
 [4.58 0.  ]]"
[6, 13];[1, 18];2;0.2857142857142857;"[[0.   2.19]
 [2.19 0.  ]]";"[[0.   3.32]
 [3.32 0.  ]]"
[1, 18];[6, 13];2;0.6666666666666666;"[[0.   3.32]
 [3.32 0.  ]]";"[[0.   2.19]
 [2.19 0.  ]]"
[13, 1];[6, 18];2;0.5;"[[0.   4.58]
 [4.58 0.  ]]";"[[0.   3.51]
 [3.51 0.  ]]"
[6, 1];[13, 18];2;0.4;"[[0.  2.7]
 [2.7 0. ]]";"[[0.   3.14]
 [3.14 0.  ]]"
[18];[1, 6, 13];2;0.4;[0.];"[[0.   2.7  4.58]
 [2.7  0.   2.19]
 [4.58 2.19 0.  ]]"
[13];[1, 6, 18];2;0.2222222222222222;[0.];"[[0.   2.7  3.32]
 [2.7  0.   3.51]
 [3.32 3.51 0.  ]]"
[6];[1, 13, 18];2;0.2222222222222222;[0.];"[[0.   4.58 3.32]
 [4.58 0.   3.14]
 [3.32 3.14 0.  ]]"
[1];[6, 13, 18];2;0.4;[0.];"[[0.   2.19 3.51]
 [2.19 0.   3.14]
 [3.51 3.14 0.  ]]"
[8, 4, 15];[2];2;1.0;"[[0.   5.4  4.76]
 [5.4  0.   2.67]
 [4.76 2.67 0.  ]]";[0.]
[2, 8, 15];[4];2;1.0;"[[0.   2.71 5.19]
 [2.71 0.   4.76]
 [5.19 4.76 0.  ]]";[0.]
[2, 4, 15];[8];2;1.0;"[[0.   3.3  5.19]
 [3.3  0.   2.67]
 [5.19 2.67 0.  ]]";[0.]
[2, 8, 4];[15];2;1.0;"[[0.   2.71 3.3 ]
 [2.71 0.   5.4 ]
 [3.3  5.4  0.  ]]";[0.]
[8, 15];[2, 4];2;1.0;"[[0.   4.76]
 [4.76 0.  ]]";"[[0.  3.3]
 [3.3 0. ]]"
[4, 15];[2, 8];2;1.0;"[[0.   2.67]
 [2.67 0.  ]]";"[[0.   2.71]
 [2.71 0.  ]]"
[8, 4];[2, 15];2;1.0;"[[0.  5.4]
 [5.4 0. ]]";"[[0.   5.19]
 [5.19 0.  ]]"
[2, 15];[4, 8];2;1.0;"[[0.   5.19]
 [5.19 0.  ]]";"[[0.  5.4]
 [5.4 0. ]]"
[2, 8];[4, 15];2;0.5;"[[0.   2.71]
 [2.71 0.  ]]";"[[0.   2.67]
 [2.67 0.  ]]"
[2, 4];[8, 15];2;0.6666666666666666;"[[0.  3.3]
 [3.3 0. ]]";"[[0.   4.76]
 [4.76 0.  ]]"
[15];[2, 4, 8];2;0.6666666666666666;[0.];"[[0.   3.3  2.71]
 [3.3  0.   5.4 ]
 [2.71 5.4  0.  ]]"
[8];[2, 4, 15];2;0.4;[0.];"[[0.   3.3  5.19]
 [3.3  0.   2.67]
 [5.19 2.67 0.  ]]"
[4];[2, 8, 15];2;0.6666666666666666;[0.];"[[0.   2.71 5.19]
 [2.71 0.   4.76]
 [5.19 4.76 0.  ]]"
[2];[4, 8, 15];2;0.3333333333333333;[0.];"[[0.   5.4  2.67]
 [5.4  0.   4.76]
 [2.67 4.76 0.  ]]"
[12, 17, 14];[2];2;1.0;"[[0.   4.93 3.86]
 [4.93 0.   4.25]
 [3.86 4.25 0.  ]]";[0.]
[2, 17, 14];[12];2;1.0;"[[0.   2.03 5.4 ]
 [2.03 0.   4.25]
 [5.4  4.25 0.  ]]";[0.]
[12, 2, 17];[14];2;1.0;"[[0.   6.36 4.93]
 [6.36 0.   2.03]
 [4.93 2.03 0.  ]]";[0.]
[12, 2, 14];[17];2;1.0;"[[0.   6.36 3.86]
 [6.36 0.   5.4 ]
 [3.86 5.4  0.  ]]";[0.]
[17, 14];[2, 12];2;1.0;"[[0.   4.25]
 [4.25 0.  ]]";"[[0.   6.36]
 [6.36 0.  ]]"
[12, 17];[2, 14];2;0.6666666666666666;"[[0.   4.93]
 [4.93 0.  ]]";"[[0.  5.4]
 [5.4 0. ]]"
[12, 14];[2, 17];2;0.6666666666666666;"[[0.   3.86]
 [3.86 0.  ]]";"[[0.   2.03]
 [2.03 0.  ]]"
[2, 17];[12, 14];2;0.5;"[[0.   2.03]
 [2.03 0.  ]]";"[[0.   3.86]
 [3.86 0.  ]]"
[2, 14];[12, 17];2;1.0;"[[0.  5.4]
 [5.4 0. ]]";"[[0.   4.93]
 [4.93 0.  ]]"
[12, 2];[14, 17];2;0.6666666666666666;"[[0.   6.36]
 [6.36 0.  ]]";"[[0.   4.25]
 [4.25 0.  ]]"
[17];[2, 12, 14];2;0.4;[0.];"[[0.   6.36 5.4 ]
 [6.36 0.   3.86]
 [5.4  3.86 0.  ]]"
[14];[2, 12, 17];2;0.6666666666666666;[0.];"[[0.   6.36 2.03]
 [6.36 0.   4.93]
 [2.03 4.93 0.  ]]"
[12];[2, 14, 17];2;0.2;[0.];"[[0.   5.4  2.03]
 [5.4  0.   4.25]
 [2.03 4.25 0.  ]]"
[2];[12, 14, 17];2;0.3333333333333333;[0.];"[[0.   3.86 4.93]
 [3.86 0.   4.25]
 [4.93 4.25 0.  ]]"
[12, 6, 9];[3];4;0.8;"[[0.   2.68 2.21]
 [2.68 0.   3.65]
 [2.21 3.65 0.  ]]";[0.]
[12, 9, 3];[6];4;1.0;"[[0.   2.21 3.11]
 [2.21 0.   1.03]
 [3.11 1.03 0.  ]]";[0.]
[12, 6, 3];[9];4;1.0;"[[0.   2.68 3.11]
 [2.68 0.   3.48]
 [3.11 3.48 0.  ]]";[0.]
[6, 9, 3];[12];4;1.0;"[[0.   3.65 3.48]
 [3.65 0.   1.03]
 [3.48 1.03 0.  ]]";[0.]
[12, 9];[3, 6];4;0.6666666666666666;"[[0.   2.21]
 [2.21 0.  ]]";"[[0.   3.48]
 [3.48 0.  ]]"
[12, 6];[3, 9];4;0.5714285714285714;"[[0.   2.68]
 [2.68 0.  ]]";"[[0.   1.03]
 [1.03 0.  ]]"
[6, 9];[3, 12];4;0.8;"[[0.   3.65]
 [3.65 0.  ]]";"[[0.   3.11]
 [3.11 0.  ]]"
[12, 3];[6, 9];4;1.0;"[[0.   3.11]
 [3.11 0.  ]]";"[[0.   3.65]
 [3.65 0.  ]]"
[9, 3];[6, 12];4;1.0;"[[0.   1.03]
 [1.03 0.  ]]";"[[0.   2.68]
 [2.68 0.  ]]"
[6, 3];[9, 12];4;1.0;"[[0.   3.48]
 [3.48 0.  ]]";"[[0.   2.21]
 [2.21 0.  ]]"
[12];[3, 6, 9];4;0.4;[0.];"[[0.   3.48 1.03]
 [3.48 0.   3.65]
 [1.03 3.65 0.  ]]"
[9];[3, 6, 12];4;0.6666666666666666;[0.];"[[0.   3.48 3.11]
 [3.48 0.   2.68]
 [3.11 2.68 0.  ]]"
[6];[3, 9, 12];4;0.4444444444444444;[0.];"[[0.   1.03 3.11]
 [1.03 0.   2.21]
 [3.11 2.21 0.  ]]"
[3];[6, 9, 12];4;1.0;[0.];"[[0.   3.65 2.68]
 [3.65 0.   2.21]
 [2.68 2.21 0.  ]]"
[12, 13, 9];[6];4;1.0;"[[0.   5.08 2.21]
 [5.08 0.   4.71]
 [2.21 4.71 0.  ]]";[0.]
[12, 6, 13];[9];4;0.8;"[[0.   2.68 5.08]
 [2.68 0.   2.19]
 [5.08 2.19 0.  ]]";[0.]
[6, 13, 9];[12];4;1.0;"[[0.   2.19 3.65]
 [2.19 0.   4.71]
 [3.65 4.71 0.  ]]";[0.]
[12, 6, 9];[13];4;0.8;"[[0.   2.68 2.21]
 [2.68 0.   3.65]
 [2.21 3.65 0.  ]]";[0.]
[12, 13];[6, 9];4;0.8;"[[0.   5.08]
 [5.08 0.  ]]";"[[0.   3.65]
 [3.65 0.  ]]"
[13, 9];[6, 12];4;1.0;"[[0.   4.71]
 [4.71 0.  ]]";"[[0.   2.68]
 [2.68 0.  ]]"
[12, 9];[6, 13];4;0.6666666666666666;"[[0.   2.21]
 [2.21 0.  ]]";"[[0.   2.19]
 [2.19 0.  ]]"
[6, 13];[9, 12];4;0.5714285714285714;"[[0.   2.19]
 [2.19 0.  ]]";"[[0.   2.21]
 [2.21 0.  ]]"
[12, 6];[9, 13];4;0.5714285714285714;"[[0.   2.68]
 [2.68 0.  ]]";"[[0.   4.71]
 [4.71 0.  ]]"
[6, 9];[12, 13];4;0.8;"[[0.   3.65]
 [3.65 0.  ]]";"[[0.   5.08]
 [5.08 0.  ]]"
[13];[6, 9, 12];4;0.4444444444444444;[0.];"[[0.   3.65 2.68]
 [3.65 0.   2.21]
 [2.68 2.21 0.  ]]"
[12];[6, 9, 13];4;0.4;[0.];"[[0.   3.65 2.19]
 [3.65 0.   4.71]
 [2.19 4.71 0.  ]]"
[9];[6, 12, 13];4;0.6666666666666666;[0.];"[[0.   2.68 2.19]
 [2.68 0.   5.08]
 [2.19 5.08 0.  ]]"
[6];[9, 12, 13];4;0.4444444444444444;[0.];"[[0.   2.21 4.71]
 [2.21 0.   5.08]
 [4.71 5.08 0.  ]]"
[12, 9, 16];[6];3;1.0;"[[0.   2.21 3.7 ]
 [2.21 0.   4.55]
 [3.7  4.55 0.  ]]";[0.]
[12, 6, 16];[9];3;1.0;"[[0.   2.68 3.7 ]
 [2.68 0.   3.38]
 [3.7  3.38 0.  ]]";[0.]
[6, 9, 16];[12];3;1.0;"[[0.   3.65 3.38]
 [3.65 0.   4.55]
 [3.38 4.55 0.  ]]";[0.]
[12, 6, 9];[16];3;0.6;"[[0.   2.68 2.21]
 [2.68 0.   3.65]
 [2.21 3.65 0.  ]]";[0.]
[12, 16];[6, 9];3;0.75;"[[0.  3.7]
 [3.7 0. ]]";"[[0.   3.65]
 [3.65 0.  ]]"
[9, 16];[6, 12];3;1.0;"[[0.   4.55]
 [4.55 0.  ]]";"[[0.   2.68]
 [2.68 0.  ]]"
[12, 9];[6, 16];3;0.5;"[[0.   2.21]
 [2.21 0.  ]]";"[[0.   3.38]
 [3.38 0.  ]]"
[6, 16];[9, 12];3;0.75;"[[0.   3.38]
 [3.38 0.  ]]";"[[0.   2.21]
 [2.21 0.  ]]"
[12, 6];[9, 16];3;0.42857142857142855;"[[0.   2.68]
 [2.68 0.  ]]";"[[0.   4.55]
 [4.55 0.  ]]"
[6, 9];[12, 16];3;0.6;"[[0.   3.65]
 [3.65 0.  ]]";"[[0.  3.7]
 [3.7 0. ]]"
[16];[6, 9, 12];3;0.6;[0.];"[[0.   3.65 2.68]
 [3.65 0.   2.21]
 [2.68 2.21 0.  ]]"
[12];[6, 9, 16];3;0.3;[0.];"[[0.   3.65 3.38]
 [3.65 0.   4.55]
 [3.38 4.55 0.  ]]"
[9];[6, 12, 16];3;0.5;[0.];"[[0.   2.68 3.38]
 [2.68 0.   3.7 ]
 [3.38 3.7  0.  ]]"
[6];[9, 12, 16];3;0.3333333333333333;[0.];"[[0.   2.21 4.55]
 [2.21 0.   3.7 ]
 [4.55 3.7  0.  ]]"
[12, 13, 18];[6];2;1.0;"[[0.   5.08 5.71]
 [5.08 0.   3.14]
 [5.71 3.14 0.  ]]";[0.]
[6, 13, 18];[12];2;0.6666666666666666;"[[0.   2.19 3.51]
 [2.19 0.   3.14]
 [3.51 3.14 0.  ]]";[0.]
[12, 6, 18];[13];2;0.6666666666666666;"[[0.   2.68 5.71]
 [2.68 0.   3.51]
 [5.71 3.51 0.  ]]";[0.]
[12, 6, 13];[18];2;0.4;"[[0.   2.68 5.08]
 [2.68 0.   2.19]
 [5.08 2.19 0.  ]]";[0.]
[13, 18];[6, 12];2;0.5;"[[0.   3.14]
 [3.14 0.  ]]";"[[0.   2.68]
 [2.68 0.  ]]"
[12, 18];[6, 13];2;0.6666666666666666;"[[0.   5.71]
 [5.71 0.  ]]";"[[0.   2.19]
 [2.19 0.  ]]"
[12, 13];[6, 18];2;0.4;"[[0.   5.08]
 [5.08 0.  ]]";"[[0.   3.51]
 [3.51 0.  ]]"
[6, 18];[12, 13];2;0.5;"[[0.   3.51]
 [3.51 0.  ]]";"[[0.   5.08]
 [5.08 0.  ]]"
[6, 13];[12, 18];2;0.2857142857142857;"[[0.   2.19]
 [2.19 0.  ]]";"[[0.   5.71]
 [5.71 0.  ]]"
[12, 6];[13, 18];2;0.2857142857142857;"[[0.   2.68]
 [2.68 0.  ]]";"[[0.   3.14]
 [3.14 0.  ]]"
[18];[6, 12, 13];2;0.4;[0.];"[[0.   2.68 2.19]
 [2.68 0.   5.08]
 [2.19 5.08 0.  ]]"
[13];[6, 12, 18];2;0.2222222222222222;[0.];"[[0.   2.68 3.51]
 [2.68 0.   5.71]
 [3.51 5.71 0.  ]]"
[12];[6, 13, 18];2;0.2;[0.];"[[0.   2.19 3.51]
 [2.19 0.   3.14]
 [3.51 3.14 0.  ]]"
[6];[12, 13, 18];2;0.2222222222222222;[0.];"[[0.   5.08 5.71]
 [5.08 0.   3.14]
 [5.71 3.14 0.  ]]"
[12, 6, 18, 7];[1];2;1.0;"[[0.   2.68 5.71 5.4 ]
 [2.68 0.   3.51 5.3 ]
 [5.71 3.51 0.   5.19]
 [5.4  5.3  5.19 0.  ]]";[0.]
[12, 1, 18, 7];[6];2;1.0;"[[0.   6.4  5.71 5.4 ]
 [6.4  0.   3.32 2.64]
 [5.71 3.32 0.   5.19]
 [5.4  2.64 5.19 0.  ]]";[0.]
[12, 6, 1, 18];[7];2;1.0;"[[0.   2.68 6.4  5.71]
 [2.68 0.   2.7  3.51]
 [6.4  2.7  0.   3.32]
 [5.71 3.51 3.32 0.  ]]";[0.]
[6, 1, 18, 7];[12];2;1.0;"[[0.   2.7  3.51 5.3 ]
 [2.7  0.   3.32 2.64]
 [3.51 3.32 0.   5.19]
 [5.3  2.64 5.19 0.  ]]";[0.]
[12, 6, 1, 7];[18];2;1.0;"[[0.   2.68 6.4  5.4 ]
 [2.68 0.   2.7  5.3 ]
 [6.4  2.7  0.   2.64]
 [5.4  5.3  2.64 0.  ]]";[0.]
[12, 18, 7];[1, 6];2;1.0;"[[0.   5.71 5.4 ]
 [5.71 0.   5.19]
 [5.4  5.19 0.  ]]";"[[0.  2.7]
 [2.7 0. ]]"
[12, 6, 18];[1, 7];2;0.6666666666666666;"[[0.   2.68 5.71]
 [2.68 0.   3.51]
 [5.71 3.51 0.  ]]";"[[0.   2.64]
 [2.64 0.  ]]"
[6, 18, 7];[1, 12];2;1.0;"[[0.   3.51 5.3 ]
 [3.51 0.   5.19]
 [5.3  5.19 0.  ]]";"[[0.  6.4]
 [6.4 0. ]]"
[12, 6, 7];[1, 18];2;1.0;"[[0.   2.68 5.4 ]
 [2.68 0.   5.3 ]
 [5.4  5.3  0.  ]]";"[[0.   3.32]
 [3.32 0.  ]]"
[12, 1, 18];[6, 7];2;1.0;"[[0.   6.4  5.71]
 [6.4  0.   3.32]
 [5.71 3.32 0.  ]]";"[[0.  5.3]
 [5.3 0. ]]"
[1, 18, 7];[6, 12];2;1.0;"[[0.   3.32 2.64]
 [3.32 0.   5.19]
 [2.64 5.19 0.  ]]";"[[0.   2.68]
 [2.68 0.  ]]"
[12, 1, 7];[6, 18];2;1.0;"[[0.   6.4  5.4 ]
 [6.4  0.   2.64]
 [5.4  2.64 0.  ]]";"[[0.   3.51]
 [3.51 0.  ]]"
[6, 1, 18];[7, 12];2;0.6666666666666666;"[[0.   2.7  3.51]
 [2.7  0.   3.32]
 [3.51 3.32 0.  ]]";"[[0.  5.4]
 [5.4 0. ]]"
[12, 6, 1];[7, 18];2;0.6666666666666666;"[[0.   2.68 6.4 ]
 [2.68 0.   2.7 ]
 [6.4  2.7  0.  ]]";"[[0.   5.19]
 [5.19 0.  ]]"
[6, 1, 7];[12, 18];2;0.6666666666666666;"[[0.   2.7  5.3 ]
 [2.7  0.   2.64]
 [5.3  2.64 0.  ]]";"[[0.   5.71]
 [5.71 0.  ]]"
[12, 18];[1, 6, 7];2;0.6666666666666666;"[[0.   5.71]
 [5.71 0.  ]]";"[[0.   2.7  2.64]
 [2.7  0.   5.3 ]
 [2.64 5.3  0.  ]]"
[18, 7];[1, 6, 12];2;1.0;"[[0.   5.19]
 [5.19 0.  ]]";"[[0.   2.7  6.4 ]
 [2.7  0.   2.68]
 [6.4  2.68 0.  ]]"
[12, 7];[1, 6, 18];2;0.6666666666666666;"[[0.  5.4]
 [5.4 0. ]]";"[[0.   2.7  3.32]
 [2.7  0.   3.51]
 [3.32 3.51 0.  ]]"
[6, 18];[1, 7, 12];2;0.5;"[[0.   3.51]
 [3.51 0.  ]]";"[[0.   2.64 6.4 ]
 [2.64 0.   5.4 ]
 [6.4  5.4  0.  ]]"
[12, 6];[1, 7, 18];2;0.2857142857142857;"[[0.   2.68]
 [2.68 0.  ]]";"[[0.   2.64 3.32]
 [2.64 0.   5.19]
 [3.32 5.19 0.  ]]"
[6, 7];[1, 12, 18];2;0.6666666666666666;"[[0.  5.3]
 [5.3 0. ]]";"[[0.   6.4  3.32]
 [6.4  0.   5.71]
 [3.32 5.71 0.  ]]"
[1, 18];[6, 7, 12];2;0.6666666666666666;"[[0.   3.32]
 [3.32 0.  ]]";"[[0.   5.3  2.68]
 [5.3  0.   5.4 ]
 [2.68 5.4  0.  ]]"
[12, 1];[6, 7, 18];2;0.6666666666666666;"[[0.  6.4]
 [6.4 0. ]]";"[[0.   5.3  3.51]
 [5.3  0.   5.19]
 [3.51 5.19 0.  ]]"
[1, 7];[6, 12, 18];2;0.6666666666666666;"[[0.   2.64]
 [2.64 0.  ]]";"[[0.   2.68 3.51]
 [2.68 0.   5.71]
 [3.51 5.71 0.  ]]"
[6, 1];[7, 12, 18];2;0.4;"[[0.  2.7]
 [2.7 0. ]]";"[[0.   5.4  5.19]
 [5.4  0.   5.71]
 [5.19 5.71 0.  ]]"
[18];[1, 6, 7, 12];2;0.4;[0.];"[[0.   2.7  2.64 6.4 ]
 [2.7  0.   5.3  2.68]
 [2.64 5.3  0.   5.4 ]
 [6.4  2.68 5.4  0.  ]]"
[12];[1, 6, 7, 18];2;0.2;[0.];"[[0.   2.7  2.64 3.32]
 [2.7  0.   5.3  3.51]
 [2.64 5.3  0.   5.19]
 [3.32 3.51 5.19 0.  ]]"
[7];[1, 6, 12, 18];2;0.5;[0.];"[[0.   2.7  6.4  3.32]
 [2.7  0.   2.68 3.51]
 [6.4  2.68 0.   5.71]
 [3.32 3.51 5.71 0.  ]]"
[6];[1, 7, 12, 18];2;0.2222222222222222;[0.];"[[0.   2.64 6.4  3.32]
 [2.64 0.   5.4  5.19]
 [6.4  5.4  0.   5.71]
 [3.32 5.19 5.71 0.  ]]"
[1];[6, 7, 12, 18];2;0.4;[0.];"[[0.   5.3  2.68 3.51]
 [5.3  0.   5.4  5.19]
 [2.68 5.4  0.   5.71]
 [3.51 5.19 5.71 0.  ]]"
[13, 8, 5, 10];[2];2;1.0;"[[0.   5.5  5.47 4.23]
 [5.5  0.   5.22 3.68]
 [5.47 5.22 0.   1.25]
 [4.23 3.68 1.25 0.  ]]";[0.]
[13, 2, 8, 10];[5];2;1.0;"[[0.   7.86 5.5  4.23]
 [7.86 0.   2.71 4.35]
 [5.5  2.71 0.   3.68]
 [4.23 4.35 3.68 0.  ]]";[0.]
[13, 2, 5, 10];[8];2;1.0;"[[0.   7.86 5.47 4.23]
 [7.86 0.   3.32 4.35]
 [5.47 3.32 0.   1.25]
 [4.23 4.35 1.25 0.  ]]";[0.]
[13, 2, 8, 5];[10];2;1.0;"[[0.   7.86 5.5  5.47]
 [7.86 0.   2.71 3.32]
 [5.5  2.71 0.   5.22]
 [5.47 3.32 5.22 0.  ]]";[0.]
[2, 8, 5, 10];[13];2;1.0;"[[0.   2.71 3.32 4.35]
 [2.71 0.   5.22 3.68]
 [3.32 5.22 0.   1.25]
 [4.35 3.68 1.25 0.  ]]";[0.]
[13, 8, 10];[2, 5];2;1.0;"[[0.   5.5  4.23]
 [5.5  0.   3.68]
 [4.23 3.68 0.  ]]";"[[0.   3.32]
 [3.32 0.  ]]"
[13, 5, 10];[2, 8];2;1.0;"[[0.   5.47 4.23]
 [5.47 0.   1.25]
 [4.23 1.25 0.  ]]";"[[0.   2.71]
 [2.71 0.  ]]"
[13, 8, 5];[2, 10];2;1.0;"[[0.   5.5  5.47]
 [5.5  0.   5.22]
 [5.47 5.22 0.  ]]";"[[0.   4.35]
 [4.35 0.  ]]"
[8, 5, 10];[2, 13];2;1.0;"[[0.   5.22 3.68]
 [5.22 0.   1.25]
 [3.68 1.25 0.  ]]";"[[0.   7.86]
 [7.86 0.  ]]"
[13, 2, 10];[5, 8];2;1.0;"[[0.   7.86 4.23]
 [7.86 0.   4.35]
 [4.23 4.35 0.  ]]";"[[0.   5.22]
 [5.22 0.  ]]"
[13, 2, 8];[5, 10];2;1.0;"[[0.   7.86 5.5 ]
 [7.86 0.   2.71]
 [5.5  2.71 0.  ]]";"[[0.   1.25]
 [1.25 0.  ]]"
[2, 8, 10];[5, 13];2;1.0;"[[0.   2.71 4.35]
 [2.71 0.   3.68]
 [4.35 3.68 0.  ]]";"[[0.   5.47]
 [5.47 0.  ]]"
[13, 2, 5];[8, 10];2;1.0;"[[0.   7.86 5.47]
 [7.86 0.   3.32]
 [5.47 3.32 0.  ]]";"[[0.   3.68]
 [3.68 0.  ]]"
[2, 5, 10];[8, 13];2;1.0;"[[0.   3.32 4.35]
 [3.32 0.   1.25]
 [4.35 1.25 0.  ]]";"[[0.  5.5]
 [5.5 0. ]]"
[2, 8, 5];[10, 13];2;1.0;"[[0.   2.71 3.32]
 [2.71 0.   5.22]
 [3.32 5.22 0.  ]]";"[[0.   4.23]
 [4.23 0.  ]]"
[13, 10];[2, 5, 8];2;1.0;"[[0.   4.23]
 [4.23 0.  ]]";"[[0.   3.32 2.71]
 [3.32 0.   5.22]
 [2.71 5.22 0.  ]]"
[13, 8];[2, 5, 10];2;0.6666666666666666;"[[0.  5.5]
 [5.5 0. ]]";"[[0.   3.32 4.35]
 [3.32 0.   1.25]
 [4.35 1.25 0.  ]]"
[8, 10];[2, 5, 13];2;1.0;"[[0.   3.68]
 [3.68 0.  ]]";"[[0.   3.32 7.86]
 [3.32 0.   5.47]
 [7.86 5.47 0.  ]]"
[13, 5];[2, 8, 10];2;1.0;"[[0.   5.47]
 [5.47 0.  ]]";"[[0.   2.71 4.35]
 [2.71 0.   3.68]
 [4.35 3.68 0.  ]]"
[5, 10];[2, 8, 13];2;1.0;"[[0.   1.25]
 [1.25 0.  ]]";"[[0.   2.71 7.86]
 [2.71 0.   5.5 ]
 [7.86 5.5  0.  ]]"
[8, 5];[2, 10, 13];2;1.0;"[[0.   5.22]
 [5.22 0.  ]]";"[[0.   4.35 7.86]
 [4.35 0.   4.23]
 [7.86 4.23 0.  ]]"
[13, 2];[5, 8, 10];2;1.0;"[[0.   7.86]
 [7.86 0.  ]]";"[[0.   5.22 1.25]
 [5.22 0.   3.68]
 [1.25 3.68 0.  ]]"
[2, 10];[5, 8, 13];2;1.0;"[[0.   4.35]
 [4.35 0.  ]]";"[[0.   5.22 5.47]
 [5.22 0.   5.5 ]
 [5.47 5.5  0.  ]]"
[2, 8];[5, 10, 13];2;0.5;"[[0.   2.71]
 [2.71 0.  ]]";"[[0.   1.25 5.47]
 [1.25 0.   4.23]
 [5.47 4.23 0.  ]]"
[2, 5];[8, 10, 13];2;0.6666666666666666;"[[0.   3.32]
 [3.32 0.  ]]";"[[0.   3.68 5.5 ]
 [3.68 0.   4.23]
 [5.5  4.23 0.  ]]"
[13];[2, 5, 8, 10];2;0.2222222222222222;[0.];"[[0.   3.32 2.71 4.35]
 [3.32 0.   5.22 1.25]
 [2.71 5.22 0.   3.68]
 [4.35 1.25 3.68 0.  ]]"
[10];[2, 5, 8, 13];2;1.0;[0.];"[[0.   3.32 2.71 7.86]
 [3.32 0.   5.22 5.47]
 [2.71 5.22 0.   5.5 ]
 [7.86 5.47 5.5  0.  ]]"
[8];[2, 5, 10, 13];2;0.4;[0.];"[[0.   3.32 4.35 7.86]
 [3.32 0.   1.25 5.47]
 [4.35 1.25 0.   4.23]
 [7.86 5.47 4.23 0.  ]]"
[5];[2, 8, 10, 13];2;0.6666666666666666;[0.];"[[0.   2.71 4.35 7.86]
 [2.71 0.   3.68 5.5 ]
 [4.35 3.68 0.   4.23]
 [7.86 5.5  4.23 0.  ]]"
[2];[5, 8, 10, 13];2;0.3333333333333333;[0.];"[[0.   5.22 1.25 5.47]
 [5.22 0.   3.68 5.5 ]
 [1.25 3.68 0.   4.23]
 [5.47 5.5  4.23 0.  ]]"
[12, 6, 13, 9];[3];3;0.75;"[[0.   2.68 5.08 2.21]
 [2.68 0.   2.19 3.65]
 [5.08 2.19 0.   4.71]
 [2.21 3.65 4.71 0.  ]]";[0.]
[12, 13, 9, 3];[6];3;1.0;"[[0.   5.08 2.21 3.11]
 [5.08 0.   4.71 4.66]
 [2.21 4.71 0.   1.03]
 [3.11 4.66 1.03 0.  ]]";[0.]
[12, 6, 13, 3];[9];3;1.0;"[[0.   2.68 5.08 3.11]
 [2.68 0.   2.19 3.48]
 [5.08 2.19 0.   4.66]
 [3.11 3.48 4.66 0.  ]]";[0.]
[6, 13, 9, 3];[12];3;1.0;"[[0.   2.19 3.65 3.48]
 [2.19 0.   4.71 4.66]
 [3.65 4.71 0.   1.03]
 [3.48 4.66 1.03 0.  ]]";[0.]
[12, 6, 9, 3];[13];3;0.75;"[[0.   2.68 2.21 3.11]
 [2.68 0.   3.65 3.48]
 [2.21 3.65 0.   1.03]
 [3.11 3.48 1.03 0.  ]]";[0.]
[12, 13, 9];[3, 6];3;0.75;"[[0.   5.08 2.21]
 [5.08 0.   4.71]
 [2.21 4.71 0.  ]]";"[[0.   3.48]
 [3.48 0.  ]]"
[12, 6, 13];[3, 9];3;0.6;"[[0.   2.68 5.08]
 [2.68 0.   2.19]
 [5.08 2.19 0.  ]]";"[[0.   1.03]
 [1.03 0.  ]]"
[6, 13, 9];[3, 12];3;0.75;"[[0.   2.19 3.65]
 [2.19 0.   4.71]
 [3.65 4.71 0.  ]]";"[[0.   3.11]
 [3.11 0.  ]]"
[12, 6, 9];[3, 13];3;0.6;"[[0.   2.68 2.21]
 [2.68 0.   3.65]
 [2.21 3.65 0.  ]]";"[[0.   4.66]
 [4.66 0.  ]]"
[12, 13, 3];[6, 9];3;1.0;"[[0.   5.08 3.11]
 [5.08 0.   4.66]
 [3.11 4.66 0.  ]]";"[[0.   3.65]
 [3.65 0.  ]]"
[13, 9, 3];[6, 12];3;1.0;"[[0.   4.71 4.66]
 [4.71 0.   1.03]
 [4.66 1.03 0.  ]]";"[[0.   2.68]
 [2.68 0.  ]]"
[12, 9, 3];[6, 13];3;0.75;"[[0.   2.21 3.11]
 [2.21 0.   1.03]
 [3.11 1.03 0.  ]]";"[[0.   2.19]
 [2.19 0.  ]]"
[6, 13, 3];[9, 12];3;1.0;"[[0.   2.19 3.48]
 [2.19 0.   4.66]
 [3.48 4.66 0.  ]]";"[[0.   2.21]
 [2.21 0.  ]]"
[12, 6, 3];[9, 13];3;0.75;"[[0.   2.68 3.11]
 [2.68 0.   3.48]
 [3.11 3.48 0.  ]]";"[[0.   4.71]
 [4.71 0.  ]]"
[6, 9, 3];[12, 13];3;0.75;"[[0.   3.65 3.48]
 [3.65 0.   1.03]
 [3.48 1.03 0.  ]]";"[[0.   5.08]
 [5.08 0.  ]]"
[12, 13];[3, 6, 9];3;0.6;"[[0.   5.08]
 [5.08 0.  ]]";"[[0.   3.48 1.03]
 [3.48 0.   3.65]
 [1.03 3.65 0.  ]]"
[13, 9];[3, 6, 12];3;0.75;"[[0.   4.71]
 [4.71 0.  ]]";"[[0.   3.48 3.11]
 [3.48 0.   2.68]
 [3.11 2.68 0.  ]]"
[12, 9];[3, 6, 13];3;0.5;"[[0.   2.21]
 [2.21 0.  ]]";"[[0.   3.48 4.66]
 [3.48 0.   2.19]
 [4.66 2.19 0.  ]]"
[6, 13];[3, 9, 12];3;0.42857142857142855;"[[0.   2.19]
 [2.19 0.  ]]";"[[0.   1.03 3.11]
 [1.03 0.   2.21]
 [3.11 2.21 0.  ]]"
[12, 6];[3, 9, 13];3;0.42857142857142855;"[[0.   2.68]
 [2.68 0.  ]]";"[[0.   1.03 4.66]
 [1.03 0.   4.71]
 [4.66 4.71 0.  ]]"
[6, 9];[3, 12, 13];3;0.6;"[[0.   3.65]
 [3.65 0.  ]]";"[[0.   3.11 4.66]
 [3.11 0.   5.08]
 [4.66 5.08 0.  ]]"
[13, 3];[6, 9, 12];3;1.0;"[[0.   4.66]
 [4.66 0.  ]]";"[[0.   3.65 2.68]
 [3.65 0.   2.21]
 [2.68 2.21 0.  ]]"
[12, 3];[6, 9, 13];3;0.75;"[[0.   3.11]
 [3.11 0.  ]]";"[[0.   3.65 2.19]
 [3.65 0.   4.71]
 [2.19 4.71 0.  ]]"
[9, 3];[6, 12, 13];3;0.75;"[[0.   1.03]
 [1.03 0.  ]]";"[[0.   2.68 2.19]
 [2.68 0.   5.08]
 [2.19 5.08 0.  ]]"
[6, 3];[9, 12, 13];3;0.75;"[[0.   3.48]
 [3.48 0.  ]]";"[[0.   2.21 4.71]
 [2.21 0.   5.08]
 [4.71 5.08 0.  ]]"
[13];[3, 6, 9, 12];3;0.3333333333333333;[0.];"[[0.   3.48 1.03 3.11]
 [3.48 0.   3.65 2.68]
 [1.03 3.65 0.   2.21]
 [3.11 2.68 2.21 0.  ]]"
[12];[3, 6, 9, 13];3;0.3;[0.];"[[0.   3.48 1.03 4.66]
 [3.48 0.   3.65 2.19]
 [1.03 3.65 0.   4.71]
 [4.66 2.19 4.71 0.  ]]"
[9];[3, 6, 12, 13];3;0.5;[0.];"[[0.   3.48 3.11 4.66]
 [3.48 0.   2.68 2.19]
 [3.11 2.68 0.   5.08]
 [4.66 2.19 5.08 0.  ]]"
[6];[3, 9, 12, 13];3;0.3333333333333333;[0.];"[[0.   1.03 3.11 4.66]
 [1.03 0.   2.21 4.71]
 [3.11 2.21 0.   5.08]
 [4.66 4.71 5.08 0.  ]]"
[3];[6, 9, 12, 13];3;0.75;[0.];"[[0.   3.65 2.68 2.19]
 [3.65 0.   2.21 4.71]
 [2.68 2.21 0.   5.08]
 [2.19 4.71 5.08 0.  ]]"
[12, 6, 9, 16];[3];2;0.6666666666666666;"[[0.   2.68 2.21 3.7 ]
 [2.68 0.   3.65 3.38]
 [2.21 3.65 0.   4.55]
 [3.7  3.38 4.55 0.  ]]";[0.]
[12, 9, 16, 3];[6];2;1.0;"[[0.   2.21 3.7  3.11]
 [2.21 0.   4.55 1.03]
 [3.7  4.55 0.   4.93]
 [3.11 1.03 4.93 0.  ]]";[0.]
[12, 6, 16, 3];[9];2;1.0;"[[0.   2.68 3.7  3.11]
 [2.68 0.   3.38 3.48]
 [3.7  3.38 0.   4.93]
 [3.11 3.48 4.93 0.  ]]";[0.]
[6, 9, 16, 3];[12];2;1.0;"[[0.   3.65 3.38 3.48]
 [3.65 0.   4.55 1.03]
 [3.38 4.55 0.   4.93]
 [3.48 1.03 4.93 0.  ]]";[0.]
[12, 6, 9, 3];[16];2;0.5;"[[0.   2.68 2.21 3.11]
 [2.68 0.   3.65 3.48]
 [2.21 3.65 0.   1.03]
 [3.11 3.48 1.03 0.  ]]";[0.]
[12, 9, 16];[3, 6];2;0.6666666666666666;"[[0.   2.21 3.7 ]
 [2.21 0.   4.55]
 [3.7  4.55 0.  ]]";"[[0.   3.48]
 [3.48 0.  ]]"
[12, 6, 16];[3, 9];2;0.6666666666666666;"[[0.   2.68 3.7 ]
 [2.68 0.   3.38]
 [3.7  3.38 0.  ]]";"[[0.   1.03]
 [1.03 0.  ]]"
[6, 9, 16];[3, 12];2;0.6666666666666666;"[[0.   3.65 3.38]
 [3.65 0.   4.55]
 [3.38 4.55 0.  ]]";"[[0.   3.11]
 [3.11 0.  ]]"
[12, 6, 9];[3, 16];2;0.4;"[[0.   2.68 2.21]
 [2.68 0.   3.65]
 [2.21 3.65 0.  ]]";"[[0.   4.93]
 [4.93 0.  ]]"
[12, 16, 3];[6, 9];2;1.0;"[[0.   3.7  3.11]
 [3.7  0.   4.93]
 [3.11 4.93 0.  ]]";"[[0.   3.65]
 [3.65 0.  ]]"
[9, 16, 3];[6, 12];2;1.0;"[[0.   4.55 1.03]
 [4.55 0.   4.93]
 [1.03 4.93 0.  ]]";"[[0.   2.68]
 [2.68 0.  ]]"
[12, 9, 3];[6, 16];2;0.5;"[[0.   2.21 3.11]
 [2.21 0.   1.03]
 [3.11 1.03 0.  ]]";"[[0.   3.38]
 [3.38 0.  ]]"
[6, 16, 3];[9, 12];2;1.0;"[[0.   3.38 3.48]
 [3.38 0.   4.93]
 [3.48 4.93 0.  ]]";"[[0.   2.21]
 [2.21 0.  ]]"
[12, 6, 3];[9, 16];2;0.5;"[[0.   2.68 3.11]
 [2.68 0.   3.48]
 [3.11 3.48 0.  ]]";"[[0.   4.55]
 [4.55 0.  ]]"
[6, 9, 3];[12, 16];2;0.5;"[[0.   3.65 3.48]
 [3.65 0.   1.03]
 [3.48 1.03 0.  ]]";"[[0.  3.7]
 [3.7 0. ]]"
[12, 16];[3, 6, 9];2;0.5;"[[0.  3.7]
 [3.7 0. ]]";"[[0.   3.48 1.03]
 [3.48 0.   3.65]
 [1.03 3.65 0.  ]]"
[9, 16];[3, 6, 12];2;0.6666666666666666;"[[0.   4.55]
 [4.55 0.  ]]";"[[0.   3.48 3.11]
 [3.48 0.   2.68]
 [3.11 2.68 0.  ]]"
[12, 9];[3, 6, 16];2;0.3333333333333333;"[[0.   2.21]
 [2.21 0.  ]]";"[[0.   3.48 4.93]
 [3.48 0.   3.38]
 [4.93 3.38 0.  ]]"
[6, 16];[3, 9, 12];2;0.5;"[[0.   3.38]
 [3.38 0.  ]]";"[[0.   1.03 3.11]
 [1.03 0.   2.21]
 [3.11 2.21 0.  ]]"
[12, 6];[3, 9, 16];2;0.2857142857142857;"[[0.   2.68]
 [2.68 0.  ]]";"[[0.   1.03 4.93]
 [1.03 0.   4.55]
 [4.93 4.55 0.  ]]"
[6, 9];[3, 12, 16];2;0.4;"[[0.   3.65]
 [3.65 0.  ]]";"[[0.   3.11 4.93]
 [3.11 0.   3.7 ]
 [4.93 3.7  0.  ]]"
[16, 3];[6, 9, 12];2;1.0;"[[0.   4.93]
 [4.93 0.  ]]";"[[0.   3.65 2.68]
 [3.65 0.   2.21]
 [2.68 2.21 0.  ]]"
[12, 3];[6, 9, 16];2;0.5;"[[0.   3.11]
 [3.11 0.  ]]";"[[0.   3.65 3.38]
 [3.65 0.   4.55]
 [3.38 4.55 0.  ]]"
[9, 3];[6, 12, 16];2;0.5;"[[0.   1.03]
 [1.03 0.  ]]";"[[0.   2.68 3.38]
 [2.68 0.   3.7 ]
 [3.38 3.7  0.  ]]"
[6, 3];[9, 12, 16];2;0.5;"[[0.   3.48]
 [3.48 0.  ]]";"[[0.   2.21 4.55]
 [2.21 0.   3.7 ]
 [4.55 3.7  0.  ]]"
[16];[3, 6, 9, 12];2;0.4;[0.];"[[0.   3.48 1.03 3.11]
 [3.48 0.   3.65 2.68]
 [1.03 3.65 0.   2.21]
 [3.11 2.68 2.21 0.  ]]"
[12];[3, 6, 9, 16];2;0.2;[0.];"[[0.   3.48 1.03 4.93]
 [3.48 0.   3.65 3.38]
 [1.03 3.65 0.   4.55]
 [4.93 3.38 4.55 0.  ]]"
[9];[3, 6, 12, 16];2;0.3333333333333333;[0.];"[[0.   3.48 3.11 4.93]
 [3.48 0.   2.68 3.38]
 [3.11 2.68 0.   3.7 ]
 [4.93 3.38 3.7  0.  ]]"
[6];[3, 9, 12, 16];2;0.2222222222222222;[0.];"[[0.   1.03 3.11 4.93]
 [1.03 0.   2.21 4.55]
 [3.11 2.21 0.   3.7 ]
 [4.93 4.55 3.7  0.  ]]"
[3];[6, 9, 12, 16];2;0.5;[0.];"[[0.   3.65 2.68 3.38]
 [3.65 0.   2.21 4.55]
 [2.68 2.21 0.   3.7 ]
 [3.38 4.55 3.7  0.  ]]"
[12, 13, 9, 16];[6];2;1.0;"[[0.   5.08 2.21 3.7 ]
 [5.08 0.   4.71 5.22]
 [2.21 4.71 0.   4.55]
 [3.7  5.22 4.55 0.  ]]";[0.]
[12, 6, 13, 16];[9];2;1.0;"[[0.   2.68 5.08 3.7 ]
 [2.68 0.   2.19 3.38]
 [5.08 2.19 0.   5.22]
 [3.7  3.38 5.22 0.  ]]";[0.]
[6, 13, 9, 16];[12];2;1.0;"[[0.   2.19 3.65 3.38]
 [2.19 0.   4.71 5.22]
 [3.65 4.71 0.   4.55]
 [3.38 5.22 4.55 0.  ]]";[0.]
[12, 6, 9, 16];[13];2;0.6666666666666666;"[[0.   2.68 2.21 3.7 ]
 [2.68 0.   3.65 3.38]
 [2.21 3.65 0.   4.55]
 [3.7  3.38 4.55 0.  ]]";[0.]
[12, 6, 13, 9];[16];2;0.5;"[[0.   2.68 5.08 2.21]
 [2.68 0.   2.19 3.65]
 [5.08 2.19 0.   4.71]
 [2.21 3.65 4.71 0.  ]]";[0.]
[12, 13, 16];[6, 9];2;1.0;"[[0.   5.08 3.7 ]
 [5.08 0.   5.22]
 [3.7  5.22 0.  ]]";"[[0.   3.65]
 [3.65 0.  ]]"
[13, 9, 16];[6, 12];2;1.0;"[[0.   4.71 5.22]
 [4.71 0.   4.55]
 [5.22 4.55 0.  ]]";"[[0.   2.68]
 [2.68 0.  ]]"
[12, 9, 16];[6, 13];2;0.6666666666666666;"[[0.   2.21 3.7 ]
 [2.21 0.   4.55]
 [3.7  4.55 0.  ]]";"[[0.   2.19]
 [2.19 0.  ]]"
[12, 13, 9];[6, 16];2;0.5;"[[0.   5.08 2.21]
 [5.08 0.   4.71]
 [2.21 4.71 0.  ]]";"[[0.   3.38]
 [3.38 0.  ]]"
[6, 13, 16];[9, 12];2;0.6666666666666666;"[[0.   2.19 3.38]
 [2.19 0.   5.22]
 [3.38 5.22 0.  ]]";"[[0.   2.21]
 [2.21 0.  ]]"
[12, 6, 16];[9, 13];2;0.6666666666666666;"[[0.   2.68 3.7 ]
 [2.68 0.   3.38]
 [3.7  3.38 0.  ]]";"[[0.   4.71]
 [4.71 0.  ]]"
[12, 6, 13];[9, 16];2;0.4;"[[0.   2.68 5.08]
 [2.68 0.   2.19]
 [5.08 2.19 0.  ]]";"[[0.   4.55]
 [4.55 0.  ]]"
[6, 9, 16];[12, 13];2;0.6666666666666666;"[[0.   3.65 3.38]
 [3.65 0.   4.55]
 [3.38 4.55 0.  ]]";"[[0.   5.08]
 [5.08 0.  ]]"
[6, 13, 9];[12, 16];2;0.5;"[[0.   2.19 3.65]
 [2.19 0.   4.71]
 [3.65 4.71 0.  ]]";"[[0.  3.7]
 [3.7 0. ]]"
[12, 6, 9];[13, 16];2;0.4;"[[0.   2.68 2.21]
 [2.68 0.   3.65]
 [2.21 3.65 0.  ]]";"[[0.   5.22]
 [5.22 0.  ]]"
[13, 16];[6, 9, 12];2;0.6666666666666666;"[[0.   5.22]
 [5.22 0.  ]]";"[[0.   3.65 2.68]
 [3.65 0.   2.21]
 [2.68 2.21 0.  ]]"
[12, 16];[6, 9, 13];2;0.5;"[[0.  3.7]
 [3.7 0. ]]";"[[0.   3.65 2.19]
 [3.65 0.   4.71]
 [2.19 4.71 0.  ]]"
[12, 13];[6, 9, 16];2;0.4;"[[0.   5.08]
 [5.08 0.  ]]";"[[0.   3.65 3.38]
 [3.65 0.   4.55]
 [3.38 4.55 0.  ]]"
[9, 16];[6, 12, 13];2;0.6666666666666666;"[[0.   4.55]
 [4.55 0.  ]]";"[[0.   2.68 2.19]
 [2.68 0.   5.08]
 [2.19 5.08 0.  ]]"
[13, 9];[6, 12, 16];2;0.5;"[[0.   4.71]
 [4.71 0.  ]]";"[[0.   2.68 3.38]
 [2.68 0.   3.7 ]
 [3.38 3.7  0.  ]]"
[12, 9];[6, 13, 16];2;0.3333333333333333;"[[0.   2.21]
 [2.21 0.  ]]";"[[0.   2.19 3.38]
 [2.19 0.   5.22]
 [3.38 5.22 0.  ]]"
[6, 16];[9, 12, 13];2;0.5;"[[0.   3.38]
 [3.38 0.  ]]";"[[0.   2.21 4.71]
 [2.21 0.   5.08]
 [4.71 5.08 0.  ]]"
[6, 13];[9, 12, 16];2;0.2857142857142857;"[[0.   2.19]
 [2.19 0.  ]]";"[[0.   2.21 4.55]
 [2.21 0.   3.7 ]
 [4.55 3.7  0.  ]]"
[12, 6];[9, 13, 16];2;0.2857142857142857;"[[0.   2.68]
 [2.68 0.  ]]";"[[0.   4.71 4.55]
 [4.71 0.   5.22]
 [4.55 5.22 0.  ]]"
[6, 9];[12, 13, 16];2;0.4;"[[0.   3.65]
 [3.65 0.  ]]";"[[0.   5.08 3.7 ]
 [5.08 0.   5.22]
 [3.7  5.22 0.  ]]"
[16];[6, 9, 12, 13];2;0.4;[0.];"[[0.   3.65 2.68 2.19]
 [3.65 0.   2.21 4.71]
 [2.68 2.21 0.   5.08]
 [2.19 4.71 5.08 0.  ]]"
[13];[6, 9, 12, 16];2;0.2222222222222222;[0.];"[[0.   3.65 2.68 3.38]
 [3.65 0.   2.21 4.55]
 [2.68 2.21 0.   3.7 ]
 [3.38 4.55 3.7  0.  ]]"
[12];[6, 9, 13, 16];2;0.2;[0.];"[[0.   3.65 2.19 3.38]
 [3.65 0.   4.71 4.55]
 [2.19 4.71 0.   5.22]
 [3.38 4.55 5.22 0.  ]]"
[9];[6, 12, 13, 16];2;0.3333333333333333;[0.];"[[0.   2.68 2.19 3.38]
 [2.68 0.   5.08 3.7 ]
 [2.19 5.08 0.   5.22]
 [3.38 3.7  5.22 0.  ]]"
[6];[9, 12, 13, 16];2;0.2222222222222222;[0.];"[[0.   2.21 4.71 4.55]
 [2.21 0.   5.08 3.7 ]
 [4.71 5.08 0.   5.22]
 [4.55 3.7  5.22 0.  ]]"
[6, 13, 16, 7, 11];[1];1;1.0;"[[0.   2.19 3.38 5.3  6.06]
 [2.19 0.   5.22 7.8  6.44]
 [3.38 5.22 0.   8.49 6.91]
 [5.3  7.8  8.49 0.   6.66]
 [6.06 6.44 6.91 6.66 0.  ]]";[0.]
[13, 1, 16, 7, 11];[6];1;1.0;"[[0.   4.58 5.22 7.8  6.44]
 [4.58 0.   6.43 2.64 4.17]
 [5.22 6.43 0.   8.49 6.91]
 [7.8  2.64 8.49 0.   6.66]
 [6.44 4.17 6.91 6.66 0.  ]]";[0.]
[6, 13, 1, 16, 11];[7];1;1.0;"[[0.   2.19 2.7  3.38 6.06]
 [2.19 0.   4.58 5.22 6.44]
 [2.7  4.58 0.   6.43 4.17]
 [3.38 5.22 6.43 0.   6.91]
 [6.06 6.44 4.17 6.91 0.  ]]";[0.]
[6, 13, 1, 16, 7];[11];1;1.0;"[[0.   2.19 2.7  3.38 5.3 ]
 [2.19 0.   4.58 5.22 7.8 ]
 [2.7  4.58 0.   6.43 2.64]
 [3.38 5.22 6.43 0.   8.49]
 [5.3  7.8  2.64 8.49 0.  ]]";[0.]
[6, 1, 16, 7, 11];[13];1;1.0;"[[0.   2.7  3.38 5.3  6.06]
 [2.7  0.   6.43 2.64 4.17]
 [3.38 6.43 0.   8.49 6.91]
 [5.3  2.64 8.49 0.   6.66]
 [6.06 4.17 6.91 6.66 0.  ]]";[0.]
[6, 13, 1, 7, 11];[16];1;1.0;"[[0.   2.19 2.7  5.3  6.06]
 [2.19 0.   4.58 7.8  6.44]
 [2.7  4.58 0.   2.64 4.17]
 [5.3  7.8  2.64 0.   6.66]
 [6.06 6.44 4.17 6.66 0.  ]]";[0.]
[13, 16, 7, 11];[1, 6];1;1.0;"[[0.   5.22 7.8  6.44]
 [5.22 0.   8.49 6.91]
 [7.8  8.49 0.   6.66]
 [6.44 6.91 6.66 0.  ]]";"[[0.  2.7]
 [2.7 0. ]]"
[6, 13, 16, 11];[1, 7];1;1.0;"[[0.   2.19 3.38 6.06]
 [2.19 0.   5.22 6.44]
 [3.38 5.22 0.   6.91]
 [6.06 6.44 6.91 0.  ]]";"[[0.   2.64]
 [2.64 0.  ]]"
[6, 13, 16, 7];[1, 11];1;1.0;"[[0.   2.19 3.38 5.3 ]
 [2.19 0.   5.22 7.8 ]
 [3.38 5.22 0.   8.49]
 [5.3  7.8  8.49 0.  ]]";"[[0.   4.17]
 [4.17 0.  ]]"
